Sample	PC1	PC2	PC3	PC4	PC5	PC6	PC7	PC8	PC9	PC10	PC11	PC12	PC13	PC14	PC15	PC16	PC17	PC18	PC19	PC20	Variance
0	-0.0005545230938369198	-1.2961779282742696	-0.013251379226438431	-0.0011396453681148779	0.0	-0.0001984738757528367	0.0	0.0	0.0	-0.011670247774835843	0.0	-0.14882529960791085	-0.011940074590789999	-0.010404744733500124	-0.0011442719731352743	-0.05857513068327443	0.0	-0.00034645474535276985	-0.0006440634020372215	-0.2726556089519096	0.4992019501140006
1	-8.37209366167204e-06	-0.5141729150607414	0.0007256130437024243	0.0030566719398151566	0.0	0.00012749247916782528	0.0	0.0	0.0	-0.0014753854835102655	0.0	0.04394699079852922	-0.0003961484642668092	-0.0031014279821496445	-0.0009384431049986923	0.006768427321618516	0.0	0.0014277017567471035	0.0007209517552156025	0.0036653409995471113	0.29440050626091585
2	-0.0005410459105888695	0.00470726630329136	-0.01048385461513564	0.0005727115798594148	0.0	-0.00013443658417184443	0.0	0.0	0.0	-0.006195414141446081	0.0	0.0022928262710618205	0.0038915086723220905	0.0026732153440916524	-0.0011485010813984539	0.029171690942855922	0.0	-0.0008912262918248006	-0.00020998013871386133	-0.08367384172143608	0.1296943461861294
3	-0.00010204626107982289	-0.001950899594997113	7.365837633295927e-05	-5.494151320596695e-05	0.0	0.00017683916266897763	0.0	0.0	0.0	0.002001905423797716	0.0	-0.0007091217386298472	-0.0036293356236406747	-0.0022545175272866997	0.00010662910447319886	-0.04125750736296984	0.0	-0.00036894771988919584	-0.0007866886265060077	-0.010283968902346036	0.02906269344287807
4	-0.00033270069446249154	0.0014020919873871662	-0.005480211812264646	-0.0020232789094903766	0.0	0.00011875576213849314	0.0	0.0	0.0	-0.006550722281098212	0.0	-0.02449105292129963	-0.005641638729968254	-0.000920587387993249	-0.000917818626535199	0.04492865982912685	0.0	-0.001832466480056592	-0.0007776090503888213	-0.08558890486712155	0.01933689838289299
5	-0.00012415982043486066	0.304523588677587	-0.0008519378375858854	-0.0021575109967802335	0.0	-1.6486995539248245e-05	0.0	0.0	0.0	-0.0004762674015072621	0.0	0.004536429356593918	0.0034429551257734773	0.008644946482451267	-0.0007199433967959796	0.07702865287487107	0.0	-0.0014745244626381685	-0.0007235106835815171	-0.018928529291212855	0.018318111072716005
6	0.000131615583531511	0.06334147693181057	0.001747015093296205	-0.001472421416173218	0.0	0.00022499732263806237	0.0	0.0	0.0	0.0011002081146449896	0.0	0.02602643778229666	0.00021024778474547958	-0.001379625200154356	0.00010027799426572761	-0.010052714219334841	0.0	9.313542386391693e-05	0.0003629875301283769	0.007324862117077215	0.004993989469788329
7	2.212454893826746e-06	0.060236362729068925	-0.005225458257958209	0.00022656427420951014	0.0	0.00011456965941736389	0.0	0.0	0.0	0.0032596762627937815	0.0	-0.025582467786839883	0.005947133897744174	-0.0008779848654526834	-0.00012917975661530138	-0.020650811191273363	0.0	-0.001717346805421937	-0.0017827050391855442	0.028910096053894756	0.002059623084967844
8	0.00026653772682230716	0.08904806932106611	0.0008325121001396055	1.1111218691412667e-05	0.0	-6.3015140209555e-05	0.0	0.0	0.0	-0.002692899088556203	0.0	0.03199835370856446	-0.008518975327627295	0.009195091153327771	6.578144225522693e-05	0.011346070948251914	0.0	-0.0015456704854478283	0.0021781328244084137	-0.007230869093567685	0.0008945461616552569
9	-0.00018932973519953235	0.01681792197520419	-0.0036204030026037288	-0.0008946871884747805	0.0	-9.247777670014581e-05	0.0	0.0	0.0	-0.00016166351260879738	0.0	0.01428133853356889	0.0018636589093409717	-0.0010926537661556498	-0.0012523587201463914	0.001199771255124951	0.0	-0.0008709913359640404	0.00018620462184264152	-0.026029404393418082	0.0007440109221832961
10	0.0009646056205489047	0.07693125620373724	0.0015795543945232994	-0.0005312028529939593	0.0	1.857749314541912e-05	0.0	0.0	0.0	-0.001656188132407186	0.0	0.02008123649933332	0.0028602014622270875	0.002652727988838081	-0.00033730180156302264	0.004304125464243441	0.0	0.0008490180587766202	0.00028267656091659994	0.031005969824657968	0.0003708658282100524
11	-0.0005170333159964464	0.042776232195133254	0.004655945947870495	0.00017883334689648638	0.0	2.6399531424247275e-05	0.0	0.0	0.0	-0.0011014396177408039	0.0	-0.0027325465552516122	0.004595891998510623	-0.003960106175878908	-0.00034583469502168695	0.006278099491073131	0.0	0.0026896397975437114	0.00011856036865311321	-0.014502055126618672	0.0002922771007340544
12	-0.0006517147593180751	0.09910217736359841	-0.006778498710096079	0.0010705160061693347	0.0	-4.4035911201649786e-05	0.0	0.0	0.0	0.0004921081406455254	0.0	-0.017914814490094015	0.0032646063343948657	0.0017546391623243086	-0.00048322679882773433	0.00927667333272515	0.0	0.00022938797518426554	-0.00040114693689818177	-0.019207838009412972	0.00024745773357610624
13	5.4300067607286406e-05	-0.09746928929595859	0.0023766547728477153	0.0007063703928733567	0.0	-3.401715907724284e-05	0.0	0.0	0.0	-0.0010170823438172098	0.0	-0.002101792027934391	0.002286530754410745	0.0016818748333529683	-0.0005666449192566564	0.016998937035326036	0.0	0.0015464683911218652	-0.0007058712781566039	-0.0241688845729963	0.00015267462354598047
14	0.00026705112047537406	0.07313262393943461	-0.0006683293656178321	-0.001144762966737759	0.0	0.00026129063031093627	0.0	0.0	0.0	-0.002206475330485742	0.0	-0.002729547564319115	-0.005985829283536295	-0.0009391921298166277	-8.159260595715553e-05	-0.001406565499240992	0.0	0.0007244733566086759	0.00013316892691776495	0.012741067807074711	7.43745297463459e-05
15	-0.0003100133463688182	0.006683196646469515	-0.0031778169119600084	-5.0601470641553465e-05	0.0	-0.0003769657096900323	0.0	0.0	0.0	-0.003442762573755565	0.0	-0.011345276908535101	-0.005236848157068916	0.0004346234063405847	-2.359355344462896e-05	0.012953063479236707	0.0	1.175834538344547e-05	-0.00012053353818198968	0.03311822190085033	6.73666246859919e-05
16	4.9673560238123874e-05	0.0007071200131937971	0.0008769695843445541	-0.0002742771781999606	0.0	-5.372448991352428e-06	0.0	0.0	0.0	-0.0004034132807476317	0.0	-0.004665951962857058	0.0017142128809916025	0.000324827388524378	3.505086492116903e-05	-0.0002926934820205011	0.0	-0.0007809739081609552	0.00013573943058295987	0.010262573916990165	3.777530292768432e-05
17	3.780122964682907e-05	-0.02315046626107909	0.0013990677010505773	-3.5944860988568744e-05	0.0	1.423548408920479e-06	0.0	0.0	0.0	0.00010089161011216917	0.0	-0.0038234922382803503	0.00025743452129249616	-9.834378460014855e-05	-0.0004364982798621818	0.0014617833448252824	0.0	0.00016864624372947716	-0.0002671988058749294	0.0038808562985463333	2.597569417245867e-05
18	-0.00015988059589675994	0.004095308926113453	0.0004343299601519072	-0.000890391108797318	0.0	-9.243987632065322e-05	0.0	0.0	0.0	-0.0003540062799416894	0.0	-0.0009775289763707066	0.0022207474019183215	0.0021186244230183174	-0.0003898739172262716	-0.0015243635737510182	0.0	-0.001163299026629821	0.00042405374052147777	0.0025496191854743697	2.4557464273716706e-05
19	-4.619834785545493e-18	-5.205429665211805e-16	-8.47420590264889e-17	8.05727972709732e-18	0.0	-5.895739616958395e-19	0.0	0.0	0.0	-1.1722433999732563e-17	0.0	-1.6887123489687428e-16	-8.844683943201049e-17	-4.5309876718595495e-17	3.3249538660717355e-18	2.6743771624188975e-18	0.0	2.3692651295701384e-17	-1.2601961037215248e-17	-1.6938488495452127e-17	1.0918649094486215e-31
